[0;32m Running program...[0m
[0;34m  + Opening input files from /lustrefs/hdd_pool_dir/L1T/Filter/ThresholdScan_Zprime_DY/last/ZprimeToMuMu_M-6000_PU200/250312_131631/0000/[0m
[0m    * File DTDPGNtuple_12_4_2_Phase2Concentrator_thr6_Simulation_1.root added[0m
[0;34m  + Opening input files from /lustrefs/hdd_pool_dir/L1T/Filter/ThresholdScan_Zprime_DY/last/ZprimeToMuMu_M-6000_PU200/250312_131715/0000/[0m
[0m    * File DTDPGNtuple_12_4_2_Phase2Concentrator_thr14_Simulation_1.root added[0m
[0;35m Processing : [0m
0 0 2 2 1 TP
1 -2 3 1 3 FP
1 0 3 1 3 FP
1 2 12 1 1 TP
4 -2 2 1 1 FP
5 2 2 4 1 TP
6 -2 1 1 3 FP
6 2 12 1 1 FP
7 2 2 3 1 TP
7 2 2 4 3 TP
8 2 8 1 1 FP
8 -2 10 1 1 TP
8 -2 10 1 3 TP
9 2 5 3 3 TP
10 0 12 3 3 TP
10 -2 6 4 3 TP
12 0 7 1 3 FP
12 0 7 3 1 TP
14 -2 11 1 1 FP
16 -2 4 1 3 FP
18 0 11 1 3 FP
19 -2 2 1 1 FP
19 -2 2 1 3 FP
19 2 9 1 1 FP
19 2 9 1 3 FP
20 -2 7 1 3 FP
21 1 1 3 1 TP
21 1 1 3 3 TP
23 2 14 4 3 FP
25 2 9 1 1 TP
31 2 5 1 1 FP
35 1 1 1 3 FP
36 -1 2 4 3 FP
40 -2 6 1 1 FP
42 -2 5 3 1 TP
43 -2 11 1 1 FP
45 0 2 2 1 TP
45 0 2 3 1 TP
45 0 2 3 3 TP
45 -2 8 4 3 TP
46 1 12 1 1 TP
46 0 3 4 1 FP
47 2 10 3 3 TP
49 2 5 1 1 FP
49 1 14 4 1 TP
50 -1 1 2 1 TP
51 -1 4 1 1 FP
51 -2 10 1 1 FP
52 -1 10 4 1 TP
52 -1 10 4 3 TP
53 1 11 1 3 TP
53 2 11 3 1 TP
53 2 11 3 3 TP
55 1 5 1 1 FP
56 -2 3 1 3 FP
58 -1 10 4 1 TP
59 -1 1 1 3 FP
59 2 6 2 1 TP
63 -2 1 1 3 TP
64 2 3 2 1 TP
64 2 3 2 3 TP
64 2 3 3 3 TP
67 2 4 1 1 FP
71 2 2 1 1 FP
72 -1 7 3 1 TP
76 -1 7 1 1 FP
76 -1 7 1 3 FP
82 0 9 2 1 FP
82 -1 5 3 1 TP
82 -1 5 3 3 TP
83 2 12 2 3 FP
84 0 7 1 1 TP
84 0 7 1 3 TP
84 0 7 2 1 TP
85 2 5 1 1 FP
86 0 6 2 1 TP
86 0 6 2 3 TP
89 0 2 1 1 TP
89 -1 8 1 3 FP
89 2 8 1 1 FP
89 -2 11 1 1 FP
91 0 10 1 1 TP
91 0 10 3 1 TP
91 0 10 3 3 TP
94 1 5 4 3 TP
95 -1 4 1 3 FP
95 -1 5 1 3 FP
95 2 2 2 3 TP
95 2 2 3 3 TP
95 1 7 4 3 TP
96 2 2 2 3 FP
108 1 6 1 3 TP
109 -2 6 1 1 FP
110 -1 2 1 1 TP
110 -1 2 1 3 TP
110 -2 2 3 1 TP
110 -2 2 3 3 TP
117 1 6 1 3 FP
121 1 11 1 3 FP
122 2 1 1 1 FP
123 2 6 1 1 TP
126 2 6 3 1 FP
130 2 8 1 3 FP
131 0 12 2 1 TP
131 0 12 2 3 TP
131 0 6 3 1 TP
131 0 6 3 3 TP
135 2 1 1 3 FP
137 2 6 2 3 TP
140 2 1 1 3 FP
140 -2 5 1 1 FP
142 -2 4 1 1 FP
142 1 7 1 1 FP
142 2 4 2 1 FP
143 -1 7 2 1 TP
143 -2 7 3 1 TP
144 1 5 1 1 FP
146 0 2 2 1 FP
147 1 7 1 1 FP
147 -1 14 4 1 TP
148 2 3 4 3 TP
149 2 10 1 3 FP
149 2 7 4 3 TP
153 -2 5 1 3 TP
154 2 12 2 3 FP
155 -2 11 1 3 TP
156 -1 9 2 1 FP
161 1 10 3 1 FP
162 0 4 1 3 FP
164 -1 6 1 1 TP
164 1 11 1 1 TP
165 0 6 1 1 TP
167 2 5 1 3 FP
167 -2 8 1 1 FP
169 2 7 4 3 TP
171 -1 8 1 1 TP
171 -1 8 1 3 TP
171 -2 8 3 1 TP
173 -2 3 1 1 FP
174 2 7 1 3 FP
174 1 5 3 1 FP
174 1 5 3 3 TP
174 1 11 3 1 TP
174 1 5 4 1 TP
179 1 7 1 1 TP
179 1 7 1 3 TP
184 1 1 4 1 TP
184 1 1 4 3 TP
185 2 8 1 1 FP
188 -1 11 1 3 TP
190 1 7 1 1 TP
191 -1 10 2 3 FP
194 1 6 2 3 FP
194 0 12 3 3 TP
195 0 2 1 1 FP
195 2 7 1 1 TP
195 2 7 1 3 TP
195 -1 12 1 1 TP
195 -1 12 1 3 TP
199 -1 3 1 3 FP
200 -1 12 1 1 FP
201 -2 7 1 1 FP
201 0 8 1 3 FP
201 2 4 2 1 FP
202 -1 1 4 1 TP
205 -2 12 2 3 FP
207 -1 1 1 1 TP
207 -1 1 1 3 TP
212 0 7 1 3 FP
213 2 1 1 3 FP
213 -2 9 3 1 FP
215 -1 4 3 3 TP
220 -2 12 1 3 FP
220 1 7 2 1 TP
220 1 7 2 3 TP
221 -1 6 3 1 FP
223 2 3 4 1 TP
227 2 1 3 3 TP
228 0 5 1 1 FP
228 -2 6 1 3 FP
228 2 7 1 1 FP
228 -1 12 2 3 FP
231 2 1 1 1 FP
237 1 6 3 1 TP
239 1 12 1 1 FP
239 1 10 3 1 TP
243 0 5 2 1 TP
243 2 11 2 1 TP
243 2 11 3 3 TP
246 2 6 1 3 FP
247 1 3 4 3 TP
248 2 2 1 1 FP
248 1 11 3 1 TP
249 -1 11 4 1 TP
249 -1 11 4 3 TP
249 2 13 4 1 FP
250 -2 10 1 1 FP
251 2 6 1 3 FP
251 -1 7 1 1 FP
258 2 7 1 3 FP
259 -2 5 1 1 FP
259 0 7 1 3 FP
261 1 7 1 1 FP
262 0 11 1 3 FP
263 0 2 4 3 TP
266 2 4 1 1 TP
266 2 4 1 3 TP
266 -1 9 2 3 FP
269 0 12 1 1 TP
274 -2 1 1 1 TP
274 1 7 2 3 TP
275 -1 6 3 3 TP
275 2 10 3 3 FP
277 2 10 1 1 FP
277 2 10 1 3 FP
278 -2 10 1 3 TP
280 2 2 1 1 FP
280 -2 3 1 3 TP
280 -1 3 1 3 FP
281 2 10 2 1 TP
281 -2 4 3 1 TP
281 2 10 3 1 TP
282 0 1 3 1 TP
282 0 1 4 1 TP
282 0 1 4 3 TP
283 2 6 1 1 FP
288 1 4 1 1 FP
288 0 8 2 1 TP
288 0 8 2 3 TP
292 2 12 2 1 FP
295 -1 2 1 3 FP
295 -1 5 1 3 TP
298 -2 14 4 1 TP
299 0 7 1 1 TP
299 0 7 1 3 TP
299 2 12 1 1 FP
300 0 12 1 3 TP
300 0 1 2 1 TP
301 -1 2 1 1 TP
301 -1 2 1 3 TP
305 -1 10 1 3 FP
307 2 1 2 1 TP
308 2 6 1 1 FP
308 1 11 1 3 TP
309 -2 9 2 3 TP
309 1 3 3 1 TP
309 -2 9 4 3 TP
311 2 4 1 1 FP
311 2 5 2 1 TP
311 2 11 2 1 FP
312 -2 5 1 1 FP
313 2 11 1 1 FP
314 2 4 1 1 FP
314 -1 6 1 1 FP
314 2 10 1 3 FP
314 0 8 2 3 FP
315 1 2 1 1 TP
318 2 7 1 1 FP
322 -2 2 1 1 FP
323 -2 7 1 3 TP
323 -1 7 1 1 TP
323 0 1 2 3 TP
323 -2 7 2 1 TP
323 -2 7 2 3 TP
323 0 12 2 1 FP
323 0 1 3 1 TP
323 -2 7 3 1 TP
323 -2 7 3 3 TP
323 0 1 4 1 TP
323 0 2 4 1 TP
324 -2 2 1 1 FP
324 -1 2 1 1 FP
326 0 11 2 1 TP
326 0 11 2 3 TP
326 -1 5 3 3 TP
329 2 2 1 1 FP
330 -2 11 1 3 FP
330 -2 10 2 3 FP
332 2 6 1 1 TP
332 2 6 1 3 TP
332 2 6 2 1 TP
333 -1 11 1 1 TP
337 -1 1 1 1 TP
337 -2 1 4 3 TP
341 1 8 3 1 TP
341 1 8 3 3 TP
342 2 10 4 3 TP
343 -2 1 2 1 TP
344 2 6 1 3 TP
345 0 14 4 1 TP
346 1 5 1 1 FP
346 1 7 1 1 FP
346 -2 8 1 1 FP
[0;31m TP: 163 FP: 130[0m
[0;32m Done![0m
