[0;32m Running program...[0m
[0;34m  + Opening input files from /lustrefs/hdd_pool_dir/L1T/Filter/ThresholdScan_Zprime_DY/last/ZprimeToMuMu_M-6000_PU200/250312_131631/0000/[0m
[0m    * File DTDPGNtuple_12_4_2_Phase2Concentrator_thr6_Simulation_1.root added[0m
[0;34m  + Opening input files from /lustrefs/hdd_pool_dir/L1T/Filter/ThresholdScan_Zprime_DY/last/ZprimeToMuMu_M-6000_PU200/250312_131715/0000/[0m
[0m    * File DTDPGNtuple_12_4_2_Phase2Concentrator_thr14_Simulation_1.root added[0m
[0;35m Processing : [0m
0 0 2 2 3 1
0 0 2 2 1 1
1 2 12 1 1 1
4 0 4 3 3 1
4 0 4 4 1 1
4 0 4 4 3 3
7 2 2 3 1 1
8 -2 10 1 1 1
8 -2 10 1 3 1
8 -2 10 2 3 1
9 2 5 3 3 3
9 -2 11 1 3 1
10 0 12 4 3 2
10 -2 6 4 3 1
10 0 12 3 1 1
10 0 12 3 3 3
12 0 7 3 3 1
12 0 7 3 1 1
17 1 9 3 1 3
23 0 7 1 3 1
23 0 7 2 1 3
23 0 7 2 3 3
23 0 7 1 1 3
25 2 9 1 1 1
25 0 3 1 3 3
30 1 7 3 3 3
33 0 6 1 3 3
36 2 5 3 3 3
36 -2 11 3 3 3
36 2 5 3 1 3
37 2 11 1 3 3
40 -2 11 3 1 3
41 0 4 2 3 1
41 0 4 4 1 3
42 -2 5 3 1 3
42 -2 5 3 3 1
45 -2 8 4 1 3
46 1 12 1 3 1
47 2 10 3 1 1
47 1 10 2 1 1
49 1 14 4 1 1
50 -1 1 2 3 3
51 2 2 1 1 1
54 -2 4 4 3 3
58 -1 10 4 3 3
63 -2 1 1 1 3
64 2 3 3 1 3
64 2 3 2 1 1
67 0 7 4 1 1
67 0 7 1 1 1
70 -1 8 4 3 3
76 2 1 1 3 1
84 0 7 1 3 3
84 0 7 2 1 1
84 0 7 2 3 1
84 0 7 1 1 1
86 0 6 2 3 1
87 -1 11 1 3 3
91 0 10 3 3 1
91 0 14 4 1 3
91 0 14 4 3 3
91 0 10 1 3 1
94 0 5 4 3 2
94 1 5 4 3 1
95 2 2 2 3 3
95 1 7 4 1 1
95 2 2 3 3 1
105 2 1 4 1 3
105 2 1 4 3 1
106 -2 4 4 3 3
106 -2 4 4 1 3
108 1 6 1 3 1
109 -2 1 3 3 2
109 0 7 3 1 3
110 -1 2 1 3 1
110 0 8 1 1 3
110 0 8 1 3 3
110 -1 2 1 1 1
111 -2 10 4 3 1
113 -2 1 1 3 1
117 2 3 1 1 3
126 1 1 2 3 3
126 2 7 2 3 1
126 1 1 2 1 3
128 -1 5 1 1 1
128 -1 5 1 3 3
128 -2 5 2 1 1
131 0 12 1 1 1
131 0 6 4 3 1
132 -1 2 2 1 3
132 2 8 1 1 1
132 -1 2 2 3 3
132 2 8 1 3 3
135 1 6 4 1 3
135 1 6 4 3 1
137 2 6 2 3 1
144 1 3 1 3 1
146 -2 7 3 1 3
146 -2 7 3 3 1
146 -2 7 4 1 1
147 0 5 3 3 1
147 -1 14 4 1 1
147 -1 11 3 3 2
148 2 3 4 3 1
148 2 3 4 1 1
149 2 7 4 1 3
149 2 7 4 3 1
151 2 1 3 3 1
153 -2 5 1 3 1
154 -1 1 2 1 2
155 2 5 3 3 3
155 -2 11 2 1 3
155 2 5 3 1 3
155 -2 11 1 1 3
156 -1 9 2 1 1
156 -1 9 2 3 1
164 -1 6 1 3 2
165 0 6 1 3 3
167 0 8 2 3 3
169 1 7 3 3 3
169 2 7 4 1 3
169 2 7 4 3 1
169 1 7 3 1 3
171 -1 8 1 3 1
171 1 2 4 1 3
171 -2 8 3 1 1
174 1 5 3 1 1
174 1 11 3 3 3
174 1 5 1 3 1
174 1 5 3 3 1
174 1 5 4 1 1
177 2 7 4 1 3
177 2 7 4 3 1
179 1 8 3 3 2
179 1 7 1 3 3
180 -1 8 3 3 3
180 -1 8 3 1 3
181 -1 9 1 3 1
181 -1 9 2 1 3
181 -1 9 1 1 3
184 1 7 2 1 3
185 2 2 1 3 1
185 2 2 1 1 3
188 -1 11 3 1 2
190 2 7 4 1 3
190 1 7 1 1 1
194 0 12 3 1 3
194 0 12 3 3 3
195 2 7 1 3 2
195 -1 12 2 1 3
195 2 7 2 1 1
195 -1 12 2 3 3
195 -1 12 1 1 1
195 2 6 1 1 2
198 -1 5 2 3 1
201 1 6 2 1 3
201 1 6 2 3 3
202 -1 1 4 1 1
203 -2 14 4 3 1
211 -2 3 4 1 1
211 -2 4 4 1 1
212 0 7 1 3 1
213 0 3 3 1 3
213 -2 9 3 1 2
213 0 3 4 1 1
215 -1 4 3 1 3
215 -1 10 2 3 2
215 -1 4 3 3 1
216 0 11 1 1 3
216 0 11 1 3 3
220 1 6 2 1 2
221 -1 3 1 3 1
224 -2 10 3 1 1
230 1 5 3 3 1
234 0 5 1 3 1
237 1 6 3 3 1
243 0 5 2 3 3
243 2 11 3 1 3
243 2 11 3 3 1
246 0 10 4 1 3
246 0 10 4 3 1
246 0 10 1 3 3
247 1 3 4 1 3
248 -1 5 3 1 3
248 -1 5 3 3 1
248 1 11 3 1 1
249 2 5 3 3 2
249 2 13 4 1 2
249 -1 11 4 1 1
250 -1 9 2 3 3
253 2 2 1 3 1
253 2 2 1 1 1
255 -1 9 3 1 3
263 0 2 4 3 1
268 0 8 4 1 1
269 0 6 1 3 3
269 0 6 3 3 1
269 0 12 1 3 2
273 0 6 2 1 1
273 0 6 2 3 1
275 -1 12 2 1 1
275 -1 6 3 1 3
277 2 7 4 1 3
277 2 7 4 3 3
278 -2 10 1 3 1
278 1 4 3 3 3
280 -2 3 1 3 1
281 2 10 3 3 2
282 0 1 2 1 3
282 0 1 2 3 3
282 0 1 4 3 1
282 0 1 3 1 3
288 0 8 2 3 1
288 0 8 2 1 1
289 0 2 3 1 3
289 0 3 4 1 1
289 0 2 3 3 3
291 -1 3 4 1 1
295 -1 5 1 3 1
298 -2 14 4 1 3
299 0 7 2 1 3
299 0 7 4 1 3
299 0 7 4 3 1
300 0 1 2 1 1
300 2 7 2 1 3
300 0 12 1 3 1
300 2 7 2 3 1
300 2 5 2 3 2
301 -1 2 1 1 1
305 2 1 1 3 1
307 2 1 2 1 2
308 1 11 1 1 3
309 2 3 4 3 2
309 1 3 3 1 1
309 -2 9 2 3 1
309 1 3 3 3 3
309 -2 9 4 3 3
311 2 5 2 1 2
311 2 4 1 1 1
313 -1 5 2 3 3
315 1 2 1 1 1
323 -2 7 2 3 1
323 0 1 2 1 3
323 0 1 3 3 3
323 -2 7 2 1 1
323 0 2 4 1 2
323 0 1 3 1 1
326 -1 5 4 3 1
326 0 11 2 1 3
326 -1 5 3 1 1
326 -1 5 3 3 3
326 -1 5 4 1 3
329 -2 9 2 1 3
329 -2 9 2 3 1
330 -2 10 2 1 1
332 2 6 1 3 1
337 -1 1 2 1 3
341 1 2 4 3 1
342 2 10 4 3 1
342 2 10 4 1 1
343 0 6 4 1 1
343 0 6 4 3 3
344 2 6 1 3 2
344 2 6 1 1 2
345 0 14 4 1 3
345 0 14 4 3 3
346 -1 8 1 1 1
[0;32m Done![0m
